
158
158
158
162
162
212
210
210
210
210
210
210
210
208
208
208
208
208
208
206
208
206
208
206
206
206
206
206
214
214
214
214
214
214
214
214
232
234
234
234
234
234
234
234
330
328
328
328
328
326
326
326
326
324
324
324
324
322
322
322
334
340
340
340
340
340
340
340
398
398
398
474
476
476
476
476
396
396
396
394
394
394
392
392
392
390
390
390
388
388
388
386
386
386
384
384
384
382
382
382
380
380
380
378
378
378
376
376
374
374
374
372
372
372
370
370
370
174
174
174
174
172
96
96
96
96
96
94
94
94
94
94
94
94
94
94
92
92
92
92
92
92
92
92
92
90
90
90
90
90
90
90
90
88
88
88
88
88
88
68
68
68
68
68
70
70
70
70
70
70
70
70
70
70
70
70
72
72
72
72
72
72
72
72
72
72
72
72
74
74
74
74
74
74
74
74
76
76
76
76
76
76
76
76
78
78
78
78
78
78
78
78
78
78
78
78
78
396
396
396
396
398
376
374
376
370
370
370
378
378
378
378
378
380
380
382
384
210
208
208
206
206
206
204
204
198
198
198
196
196
196
196
192
190
190
190
188
188
188
182
182
184
184
180
180
180
178
178
178
178
178
176
176
172
172
172
172
170
170
170
166
168
166
166
166
166
164
160
160
160
160
162
160
160
158
158
158
158
158
156
152
152
152
152
152
154
152
148
148
148
150
150
150
148
146
146
146
146
146
144
144
144
144
142
142
142
140
140
140
140
140
140
138
138
138
136
138
138
136
136
134
134
134
136
134
132
132
132
132
130
128
128
128
130
130
128
128
128
128
128
128
126
124
126
126
126
124
126
124
124
124
124
122
122
120
120
120
120
120
120
120
120
118
118
118
118
118
118
118
118
120
120
120
120
122
122
122
122
122
122
122
122
124
124
124
124
124
126
126
128
128
128
128
128
126
128
128
128
128
130
128
130
130
130
130
130
130
132
132
132
134
136
136
134
134
134
134
134
138
138
138
138
138
138
136
138
138
140
140
140
140
140
140
142
142
142
142
142
144
144
144
144
146
146
146
148
148
148
148
148
148
150
150
150
150
152
152
152
154
154
154
154
154
154
156
154
156
156
156
156
156
156
156
154
154
154
154
154
154
154
152
152
152
152
152
152
150
150
150
150
150
150
150
150
150
150
148
148
148
146
148
148
148
146
146
148
148
144
144
144
144
144
144
144
144
144
144
144
142
142
142
142
142
142
142
142
142
140
140
140
140
138
138
138
138
138
138
138
138
138
138
138
138
136
134
134
134
134
134
134
134
134
134
134
134
134
134
134
134
134
132
132
132
132
130
130
130
132
132
132
130
130
130
130
128
128
128
128
128
128
128
128
126
126
126
126
126
126
126
126
130
130
130
130
130
130
132
132
138
138
138
138
138
136
136
144
144
142
142
144
144
146
152
154
152
152
152
152
152
